data/Falklands_DEM_1km.asc
ncols        358
nrows        345
xllcorner    141722.703600000008
yllcorner    4116384.739400000311
cellsize     1000.000000000000
[rows 198 to 263 of 345, columns 96 to 191 of 358]
0 0 0 0 0 0 0 0 0 0 7 40 62 67 94 111 109 105 100 79 114 125 119 108 124 122 73 28 16 5 0 0 0 0 0 0 0 0 0 0 0 0 9 88 210 178 166 207 113 249 169 72 49 44 54 37 24 13 15 16 21 25 40 41 36 41 74 133 203 387 377 408 365 172 124 68 42 58 101 55 8 0 0 0 0 0 1 1 0 0 0 0 0 0 0 0
0 0 0 0 0 0 0 0 0 0 0 6 55 83 94 103 113 116 93 83 115 126 114 113 95 62 28 13 10 7 1 0 0 0 0 1 1 0 0 0 0 0 9 83 182 201 124 116 131 284 263 157 94 67 62 53 47 36 17 15 25 36 52 50 40 42 100 165 259 399 419 443 325 173 98 72 112 120 60 9 1 0 0 0 0 1 2 0 0 0 0 0 0 0 0 0
0 0 0 0 0 0 0 0 0 0 0 0 16 80 94 111 120 121 80 62 82 98 88 79 40 24 10 1 4 11 5 0 0 1 6 8 2 0 0 2 1 0 7 35 163 248 132 112 143 285 423 352 198 117 118 95 68 58 33 17 35 41 50 55 51 47 111 200 310 391 368 269 218 130 73 108 120 50 11 1 4 1 0 0 1 4 1 0 0 0 0 0 0 0 0 0
0 0 0 0 0 0 0 0 0 0 0 0 1 38 88 109 117 84 55 49 69 39 25 28 24 13 2 0 2 3 0 0 1 10 19 13 5 3 0 4 3 1 8 17 74 168 172 154 145 272 469 479 290 176 198 126 83 60 43 23 26 48 51 52 51 47 102 204 359 338 266 164 137 71 75 103 46 15 2 7 8 1 2 3 6 8 1 0 0 0 0 0 0 0 0 0
0 0 0 0 0 0 0 0 0 0 0 0 0 2 55 90 53 45 22 11 30 12 8 9 7 2 1 3 6 5 0 0 2 5 11 15 14 2 1 4 1 2 11 16 23 53 84 147 165 206 301 294 228 214 151 112 83 57 52 40 22 44 66 63 64 51 74 159 272 232 180 134 67 52 82 40 15 1 4 11 2 7 11 11 9 12 2 0 0 0 0 0 0 0 0 0
0 0 0 0 0 0 0 0 0 0 0 0 0 0 16 17 11 17 3 0 0 0 1 1 3 3 3 6 8 8 1 0 1 1 5 26 27 5 13 16 4 5 14 23 27 27 35 72 114 141 184 150 165 207 132 91 76 56 50 37 22 39 65 81 79 67 60 130 228 222 135 90 41 70 46 15 2 0 2 1 1 12 15 10 6 8 1 0 0 0 0 0 0 0 0 0
0 0 0 0 0 0 0 0 0 0 0 0 0 0 0 2 14 11 2 0 0 0 0 2 10 6 6 9 8 5 0 0 0 1 17 56 37 15 29 30 10 8 19 43 53 52 42 39 46 61 77 84 106 146 112 76 66 50 46 38 25 32 43 53 76 75 57 102 169 212 133 52 33 35 8 2 0 0 0 0 0 5 3 1 0 0 0 0 0 0 0 0 0 0 0 1
0 0 0 0 0 0 0 0 0 0 0 0 0 0 0 1 16 7 6 2 0 0 0 3 10 17 12 4 2 6 1 0 1 9 31 70 35 27 35 30 18 9 19 70 127 191 107 57 44 46 50 59 84 104 84 63 53 42 43 45 31 28 38 41 63 67 52 80 137 163 80 33 43 3 0 0 0 0 0 0 0 0 0 0 0 0 0 0 0 0 0 1 0 0 1 5
0 0 0 0 0 0 0 0 0 0 0 0 0 0 0 0 5 3 6 2 0 0 0 7 19 28 14 5 5 9 5 0 0 4 9 27 45 53 40 24 16 11 16 121 218 328 207 90 61 56 54 67 101 88 64 59 53 39 42 43 34 30 55 51 50 56 49 91 149 103 34 58 23 0 0 0 0 0 0 0 0 0 0 0 0 0 0 0 0 1 1 1 4 2 7 15
0 0 0 0 0 0 0 0 0 0 0 0 0 0 0 0 0 1 0 0 0 0 1 12 30 34 19 13 19 11 3 0 3 1 2 17 49 57 30 15 11 13 17 149 339 385 243 104 124 124 77 92 113 76 58 53 47 36 33 32 27 31 75 70 56 49 56 109 115 49 53 52 2 0 0 0 0 0 0 0 0 0 0 0 0 0 0 0 0 1 8 16 12 5 17 19
0 0 0 0 0 0 0 0 0 0 0 0 0 0 0 0 0 1 0 0 1 1 4 19 26 24 12 13 20 9 0 0 3 3 2 10 18 14 20 26 20 18 20 107 305 412 234 117 162 206 126 130 157 105 63 47 40 31 28 31 27 32 72 76 58 50 79 98 59 44 78 13 0 0 0 0 0 0 0 0 0 0 0 0 0 0 0 0 0 1 11 22 17 18 27 26
0 0 0 0 0 0 0 0 0 0 0 0 0 0 0 0 0 0 0 0 4 5 6 8 15 16 17 13 12 4 0 0 2 9 10 19 18 13 39 45 35 19 16 55 173 273 239 158 182 204 137 132 198 147 76 52 40 35 31 31 23 27 55 62 53 63 89 57 39 78 29 2 0 0 0 0 0 0 0 0 0 0 0 1 0 0 0 0 0 2 10 15 19 20 28 37
0 0 0 0 0 0 0 0 0 0 0 0 0 0 0 0 0 0 0 0 1 6 8 2 5 18 20 9 4 1 0 0 5 22 27 27 26 22 55 73 48 17 12 21 77 181 293 249 176 129 111 100 135 127 86 67 46 37 28 24 26 36 47 50 43 79 69 41 74 43 2 0 0 0 0 0 0 0 0 0 0 1 4 5 1 0 0 0 0 0 1 3 6 18 30 38
0 0 0 0 0 0 0 0 0 0 0 0 0 0 0 0 0 0 0 0 0 4 5 1 4 19 15 8 8 5 2 1 6 28 41 41 35 21 49 79 53 18 13 8 34 143 305 257 129 95 86 79 92 121 107 82 52 39 30 32 31 32 41 43 36 64 49 62 77 9 1 0 0 0 0 0 0 0 0 0 0 1 5 5 0 0 0 0 5 1 0 5 19 26 26 30
0 0 0 0 0 0 0 0 0 0 0 0 0 0 0 0 0 0 0 1 0 2 1 2 13 17 12 7 20 20 10 3 6 20 41 59 74 44 55 77 58 23 18 8 11 62 137 129 83 74 72 71 79 119 135 87 56 44 36 36 40 30 33 33 43 50 44 85 28 1 0 0 0 0 0 0 0 0 0 0 1 1 1 0 0 0 0 1 6 6 1 8 10 9 14 23
0 0 0 0 0 0 0 0 0 0 0 0 0 0 0 0 0 0 0 2 1 0 0 7 10 12 14 18 36 36 16 8 15 26 40 67 95 58 55 67 51 26 27 10 7 16 43 47 49 67 77 65 81 102 111 80 60 45 41 47 57 35 29 64 74 51 59 67 5 0 0 0 0 0 0 0 0 1 4 0 0 0 0 0 0 0 0 0 8 15 5 2 6 9 17 29
0 0 0 0 0 0 0 0 0 0 0 0 0 0 0 0 0 0 0 0 0 0 0 1 5 17 21 33 45 44 19 22 31 43 54 90 90 46 54 65 52 30 36 15 8 8 13 21 46 67 61 54 80 100 104 75 55 46 47 56 64 36 51 124 101 58 78 27 0 0 0 0 0 0 0 0 0 1 3 0 0 0 0 0 0 0 0 0 6 20 20 11 15 20 22 27
0 0 0 0 0 0 0 0 0 0 0 0 0 0 0 0 0 0 0 0 0 0 0 1 12 25 30 48 53 42 24 38 48 60 69 89 54 39 59 76 56 30 34 20 9 8 12 24 49 51 39 44 59 80 74 62 51 50 57 66 56 44 91 130 90 68 76 6 0 0 0 0 0 0 0 0 0 0 0 1 0 0 0 4 11 2 0 0 0 6 8 9 19 30 29 35
0 0 0 0 0 0 0 0 0 0 0 0 0 0 0 0 0 0 0 0 0 0 0 8 24 36 44 55 55 38 30 39 53 62 78 63 37 35 61 91 67 36 26 20 9 8 11 29 42 32 35 48 60 75 64 54 52 51 62 70 61 80 116 95 69 75 57 1 0 0 0 0 0 0 0 0 0 0 0 2 2 0 2 15 22 3 1 1 0 0 0 1 17 26 33 49
0 0 0 0 0 0 0 0 0 0 0 0 0 0 0 0 0 0 0 0 0 1 5 22 36 49 61 73 62 41 40 42 53 68 77 43 35 42 71 88 72 47 22 18 11 9 15 35 43 28 30 40 60 76 71 55 57 59 64 60 60 69 73 59 59 75 37 0 0 0 0 0 0 0 0 0 0 0 0 2 5 1 5 29 24 12 11 4 3 0 4 7 7 17 38 67
0 0 0 0 0 0 0 0 0 0 0 0 0 0 0 0 0 0 0 0 0 1 10 24 37 57 56 54 40 22 34 41 55 73 80 37 30 53 100 107 98 75 29 20 15 9 20 38 37 25 18 33 49 59 51 53 63 64 52 37 34 32 40 45 49 85 18 0 0 0 0 0 0 0 0 1 3 1 0 0 0 0 7 37 31 27 25 18 15 6 12 27 18 23 54 77
0 0 0 0 0 0 0 0 0 0 0 0 2 2 0 0 0 0 0 0 0 2 18 35 49 52 34 21 15 16 24 30 48 51 35 19 36 78 112 132 128 104 41 26 17 11 19 34 33 23 10 25 34 34 41 53 66 71 63 46 36 31 36 34 67 92 9 0 0 0 0 0 0 0 0 4 14 5 0 0 0 0 5 29 29 30 22 29 32 26 32 35 29 39 69 78
0 0 0 0 0 0 0 0 0 0 0 1 5 13 5 5 3 1 0 0 1 8 35 44 33 17 7 2 8 17 10 7 17 21 5 21 58 89 116 114 114 99 47 31 21 17 16 24 32 22 5 11 19 34 45 41 52 68 71 57 43 37 42 75 104 85 9 0 0 0 0 0 0 0 0 4 11 2 0 0 0 0 1 7 8 12 6 22 26 28 32 27 33 52 72 80
0 0 0 0 0 0 0 0 0 0 0 0 2 5 3 3 5 6 5 13 18 22 24 20 7 0 0 5 28 44 22 2 2 4 4 33 81 89 138 106 103 83 45 35 27 19 13 18 26 22 3 7 16 27 28 27 51 63 59 45 29 46 82 94 87 57 3 0 0 0 0 0 0 0 0 2 7 5 1 0 2 2 0 0 0 1 1 6 7 15 18 20 33 55 73 78
0 0 0 0 0 0 0 0 0 0 0 0 0 0 0 0 0 2 14 22 25 24 4 3 1 0 4 28 56 53 46 7 1 3 10 51 74 76 103 80 85 71 42 33 28 17 10 8 13 11 3 5 13 23 9 18 35 36 31 23 37 69 27 58 65 15 0 0 0 0 0 0 0 0 0 5 17 19 8 1 0 2 3 1 0 1 3 4 9 12 16 24 44 66 75 73
0 0 0 0 0 0 0 0 0 0 0 0 0 0 0 0 0 0 3 2 2 3 0 0 0 3 29 68 80 50 50 19 8 14 40 71 54 80 106 97 74 40 32 27 20 15 20 27 17 12 1 0 2 4 0 4 11 14 15 31 63 20 8 31 7 0 0 0 0 0 0 0 0 0 0 5 7 15 14 1 0 0 2 3 4 11 22 16 17 13 16 26 54 68 74 67
6 7 9 3 4 2 5 3 0 0 0 0 0 0 0 0 0 0 0 0 0 0 0 1 4 27 55 93 99 63 44 36 30 35 77 96 60 84 92 86 58 26 20 18 21 28 61 116 74 16 0 0 0 0 0 1 9 13 33 97 38 0 1 2 0 0 0 0 0 0 0 0 0 0 0 0 1 5 4 2 3 0 0 1 10 23 33 24 22 20 25 34 47 65 65 56
31 28 23 17 22 26 35 17 7 1 6 11 4 1 0 0 0 1 1 1 1 7 16 33 47 61 73 106 85 64 49 57 58 48 84 100 60 75 64 38 19 13 9 22 67 81 115 209 134 27 2 0 0 0 0 2 15 49 94 57 3 0 0 0 0 0 0 0 0 0 0 0 0 0 0 0 0 0 0 2 3 1 2 4 2 7 15 15 25 29 43 48 51 59 56 50
44 51 50 51 39 62 56 18 30 15 25 37 26 12 18 14 5 8 18 23 34 51 71 94 80 63 93 127 100 77 66 63 49 33 75 83 46 49 23 5 6 5 30 96 132 123 151 172 166 104 16 0 0 0 1 44 86 87 33 2 0 0 0 0 0 0 0 0 0 0 0 0 0 0 0 0 0 0 0 0 4 9 16 20 10 6 4 7 16 28 51 57 56 56 55 52
51 57 56 47 31 48 35 15 25 19 26 62 41 43 63 60 19 21 30 52 80 93 103 105 70 90 113 105 88 103 110 78 32 20 37 50 38 12 2 0 12 64 82 70 58 48 58 77 98 87 7 0 0 0 0 10 16 4 0 0 0 0 0 0 0 0 0 0 0 0 0 0 0 0 0 0 0 0 1 0 2 13 18 21 21 17 15 17 18 30 39 50 56 52 52 48
33 37 56 56 38 43 40 22 17 12 23 70 35 44 56 67 24 52 41 22 43 86 110 80 64 118 154 125 74 79 106 48 26 42 38 18 12 2 0 4 44 43 15 3 1 0 1 3 6 4 0 0 0 0 0 0 0 0 0 0 0 0 0 0 0 0 1 0 0 0 0 0 0 0 0 0 0 1 6 2 0 1 2 4 8 18 22 25 34 43 41 45 52 57 51 47
8 4 14 17 12 29 28 8 18 9 14 44 38 50 47 20 14 43 52 14 16 65 92 62 87 105 119 101 77 46 41 39 65 104 102 44 9 2 4 18 6 0 0 0 0 0 0 0 0 0 0 0 0 0 0 0 0 0 0 0 0 0 0 0 0 1 5 0 0 0 0 0 0 0 0 0 0 0 1 1 1 0 0 3 8 13 18 27 44 51 49 51 59 64 56 54
0 0 0 0 2 33 42 36 43 14 20 44 56 68 61 20 41 20 26 37 39 30 64 74 93 91 85 80 63 67 82 87 117 160 134 67 33 8 7 8 0 0 0 0 0 0 0 0 0 0 0 0 0 0 0 0 0 0 0 0 0 0 0 0 0 0 2 0 0 0 0 0 0 0 0 0 0 0 0 0 0 0 1 7 15 22 23 36 43 47 58 63 71 67 64 58
0 1 2 8 12 37 59 78 54 10 7 39 58 89 58 33 68 59 32 59 81 64 91 150 159 141 139 130 113 130 160 172 205 215 139 97 56 10 10 5 0 0 0 0 0 0 0 0 0 0 0 0 0 0 0 0 0 0 0 0 0 0 0 0 0 0 0 0 0 0 0 0 0 0 0 3 1 0 0 0 0 0 0 2 8 8 15 41 45 43 58 69 79 74 68 64
1 13 33 48 83 93 79 67 59 29 22 34 21 58 85 93 137 116 117 142 126 115 135 176 200 224 201 195 180 208 244 253 269 274 146 115 58 7 16 6 0 0 0 0 0 0 0 0 0 0 0 0 0 0 0 0 0 0 0 0 0 0 0 0 0 0 0 0 0 0 0 0 0 0 3 9 1 0 0 0 0 0 0 0 0 0 6 18 26 31 47 70 73 73 67 71
28 46 83 99 112 103 104 85 72 40 44 47 48 61 86 100 119 136 174 215 192 168 174 154 167 203 186 205 236 286 304 285 242 234 171 120 56 13 17 4 0 0 0 0 0 0 0 0 0 0 0 0 0 0 0 0 0 0 0 0 0 0 0 0 0 0 0 0 0 0 0 0 0 0 5 7 0 0 0 0 0 0 0 0 0 1 2 10 20 28 46 68 74 65 61 63
78 75 76 67 70 91 140 131 80 45 60 105 125 123 137 151 158 181 182 204 187 170 197 168 110 114 118 123 219 300 289 247 210 211 197 115 59 13 13 2 0 0 0 0 0 0 0 0 0 0 0 0 0 0 0 0 0 0 0 0 0 0 0 0 0 0 0 0 0 0 0 0 0 1 7 6 0 0 0 0 0 1 3 1 2 3 4 14 28 34 51 69 72 66 58 51
54 47 39 45 70 109 144 139 77 57 90 83 111 143 183 221 195 173 178 184 174 142 152 147 103 84 80 116 224 286 325 273 231 197 202 119 64 12 10 1 0 0 0 0 0 0 0 0 0 0 0 0 0 0 0 0 0 0 0 0 0 0 0 0 0 0 0 0 0 0 0 0 0 1 10 5 0 0 0 0 0 3 11 3 8 8 10 16 29 42 55 67 63 63 54 41
41 103 146 127 101 64 58 99 72 91 171 143 122 159 221 270 221 174 106 140 141 177 142 98 119 104 97 102 128 187 275 223 221 184 160 109 69 14 11 0 0 0 0 0 0 0 0 0 0 0 0 0 0 0 0 0 0 0 0 0 0 0 0 0 0 0 0 0 0 0 0 0 0 0 2 2 3 2 0 0 0 1 9 13 14 17 24 27 38 51 56 61 62 57 46 33
114 174 213 174 168 125 64 44 47 76 159 153 155 192 237 299 297 204 104 112 106 145 196 139 100 88 140 140 80 116 186 206 186 126 92 88 67 17 9 0 0 0 0 0 0 0 0 0 0 0 0 0 0 0 0 0 0 0 0 0 0 0 0 0 0 0 0 0 0 0 0 0 0 0 0 3 6 13 4 4 0 0 1 14 29 29 41 45 48 58 49 54 60 55 40 32
83 108 137 131 91 108 116 59 47 39 77 114 125 188 263 281 295 248 196 175 152 126 155 177 129 80 148 221 133 41 108 139 131 85 46 69 63 8 0 0 0 0 0 0 0 0 0 0 0 0 0 0 0 0 0 0 0 0 0 0 0 0 0 0 0 0 0 0 0 0 0 0 0 0 0 0 5 18 16 5 3 3 0 6 27 40 55 54 50 49 39 37 40 36 27 29
47 66 146 185 172 103 70 46 49 51 49 77 77 115 197 214 217 218 203 172 227 189 120 86 92 57 168 181 162 58 18 17 15 19 23 71 57 3 0 0 0 0 0 0 0 0 0 0 0 0 0 0 0 0 0 0 0 0 0 0 0 0 0 0 0 0 0 0 0 0 0 0 0 0 0 3 15 21 19 5 17 11 4 5 14 37 54 57 52 43 37 30 25 16 12 15
23 82 129 153 159 120 73 28 70 133 110 80 55 77 151 150 202 201 152 89 186 139 48 12 7 8 46 34 45 51 21 18 28 41 37 59 30 0 0 0 0 0 0 0 0 0 0 0 0 0 0 0 0 0 0 0 0 0 0 0 0 0 0 0 0 1 2 3 0 0 0 0 0 0 0 5 17 20 22 20 17 14 20 20 21 40 59 59 50 46 45 32 24 16 5 4
5 58 35 28 50 118 104 35 92 167 184 140 134 100 84 141 164 192 105 42 175 183 105 44 29 27 30 27 26 36 41 45 68 57 43 49 5 0 0 0 0 0 0 0 0 0 0 0 0 0 0 0 0 0 0 0 0 0 0 0 0 0 0 0 0 1 1 2 0 0 0 1 1 0 0 0 1 6 18 30 28 27 34 42 37 44 61 59 53 48 44 33 23 11 7 3
0 1 0 0 17 65 26 4 20 70 114 130 224 224 166 167 96 47 11 11 81 115 106 74 72 62 59 79 62 33 31 55 65 33 43 19 0 0 0 0 0 0 0 0 0 0 0 0 0 0 0 0 0 0 0 0 0 0 0 0 0 0 0 0 0 0 0 0 0 0 0 2 3 0 0 0 0 0 5 21 33 37 53 58 55 52 58 60 61 50 39 28 19 8 8 3
1 0 0 0 0 1 1 5 7 12 17 64 229 276 284 245 101 69 35 3 20 64 65 71 92 75 92 92 56 39 15 42 60 53 52 4 0 0 0 0 0 0 0 0 0 0 0 0 0 0 0 0 0 0 0 0 0 0 0 0 0 0 0 0 0 0 0 0 1 0 2 15 10 0 0 0 0 0 2 12 16 16 48 56 56 63 63 64 60 46 30 18 13 6 5 3
12 6 4 4 9 0 5 22 30 28 38 33 89 175 276 293 167 90 21 13 12 41 54 66 58 75 73 33 8 28 19 35 44 67 27 0 0 0 0 0 0 0 0 0 0 0 0 0 0 0 0 0 0 0 0 0 0 0 0 0 0 0 0 0 0 0 0 0 1 0 10 25 12 0 1 3 2 3 1 1 4 3 23 32 45 60 65 64 51 35 22 18 16 20 19 20
43 47 51 10 10 1 10 38 32 42 72 46 44 93 115 208 180 30 17 31 18 10 33 38 30 26 5 0 3 45 29 15 17 18 1 0 0 0 0 0 0 0 0 0 0 0 0 0 0 0 0 0 0 0 0 0 0 0 0 0 0 0 0 0 0 0 0 0 0 0 3 11 15 4 9 18 16 21 8 0 0 2 10 20 35 52 62 58 43 29 28 30 27 29 22 20
11 64 114 39 3 0 1 16 32 102 72 42 68 81 73 113 93 29 40 47 25 31 16 9 7 5 2 0 4 42 38 39 7 0 0 0 0 0 0 0 0 0 0 0 0 0 0 0 0 0 0 0 0 0 0 0 0 0 0 0 0 0 0 0 0 0 0 0 0 0 0 4 8 2 10 18 22 30 15 0 0 2 10 14 27 46 53 51 40 36 40 34 27 18 11 7
1 42 104 71 17 6 1 1 19 68 29 65 89 66 91 112 75 50 66 61 53 47 29 10 3 11 6 0 0 4 8 16 3 0 0 0 0 0 0 0 0 0 0 0 0 0 0 0 0 0 0 0 0 0 0 0 0 0 0 0 0 0 0 0 0 0 0 0 0 0 0 0 0 0 2 11 22 28 13 0 0 0 1 13 26 38 33 25 32 41 37 28 19 19 18 11
5 59 94 53 39 28 10 2 2 6 39 107 72 24 72 94 103 87 60 44 54 36 18 8 3 1 0 0 0 0 0 0 0 0 0 0 0 0 0 0 0 0 0 0 0 0 0 0 0 0 0 0 0 0 0 0 0 0 0 0 0 0 0 0 0 0 0 0 0 0 0 0 0 0 1 11 26 27 6 0 0 0 2 11 21 25 16 12 31 46 39 33 27 29 24 12
0 36 93 46 15 9 9 5 3 5 32 42 22 34 56 113 131 128 79 35 19 16 5 0 0 0 0 0 0 0 0 0 0 0 0 0 0 0 0 0 0 0 0 0 0 0 0 0 0 0 0 0 0 0 0 0 0 0 0 0 0 0 0 0 0 0 0 0 0 0 0 0 0 0 0 5 23 29 4 1 0 0 0 2 4 3 3 18 35 50 49 42 32 27 15 7
0 3 14 9 4 4 4 0 0 2 1 2 24 75 90 112 134 166 116 75 44 26 6 0 0 0 0 1 3 0 0 0 0 0 0 0 0 0 0 0 0 0 0 0 0 0 0 0 0 0 0 0 0 0 0 0 0 0 0 0 0 0 0 0 0 0 0 0 0 0 0 0 0 0 0 5 23 30 13 5 0 0 0 0 0 0 7 20 34 51 54 41 27 17 17 13
0 0 0 0 0 3 4 0 0 1 6 28 19 20 47 67 117 144 109 95 65 26 3 1 0 3 20 19 3 0 0 0 0 0 0 0 0 0 0 0 0 0 0 0 0 0 0 0 0 0 0 0 0 0 0 0 0 0 0 0 0 0 0 0 0 0 0 0 0 0 0 0 0 0 5 8 26 34 14 1 0 0 0 0 0 1 11 22 31 42 40 26 20 28 25 15
0 0 0 0 0 0 0 0 0 8 43 77 78 22 24 34 95 115 66 66 31 2 0 0 0 2 18 7 0 0 0 0 0 0 0 0 0 0 0 0 0 0 0 0 0 0 0 0 0 0 0 0 0 0 0 0 0 0 0 0 0 0 0 0 0 0 0 0 0 0 0 0 0 0 3 12 28 25 11 1 0 0 0 0 0 5 11 20 25 19 12 11 22 29 24 14
0 0 0 0 0 0 0 0 0 1 16 32 63 63 41 25 65 87 61 20 4 0 0 4 16 7 0 0 0 0 0 0 0 0 0 0 0 0 0 0 0 0 0 0 0 0 0 0 0 0 0 0 0 0 0 0 0 0 0 0 0 0 0 0 0 0 0 0 0 0 0 0 0 0 1 10 26 21 7 1 0 0 0 0 0 3 12 10 14 3 2 9 18 29 26 23
0 0 0 0 0 0 0 0 0 0 6 58 105 73 25 26 26 21 18 1 0 0 0 2 3 1 0 0 0 0 0 0 0 0 0 0 0 0 0 0 0 0 0 0 0 0 0 0 0 0 0 0 0 0 0 0 0 0 0 0 0 0 0 0 0 0 0 0 0 0 0 0 0 1 5 10 14 6 1 0 0 0 0 0 0 1 3 2 3 0 0 3 13 22 23 32
0 0 0 0 0 0 0 0 0 0 1 34 141 111 30 8 7 0 0 0 0 0 0 0 0 0 0 0 0 0 0 0 0 0 0 0 0 0 0 0 0 0 0 0 0 0 0 0 0 0 0 0 0 0 0 0 0 0 0 0 0 0 0 0 0 0 0 0 0 0 0 0 0 1 7 5 1 0 1 2 0 0 0 0 0 0 0 2 5 1 0 4 12 9 17 32
0 0 0 0 0 0 0 0 0 0 0 3 69 118 44 11 1 0 0 0 0 0 0 0 0 0 0 0 0 0 0 0 0 0 0 0 0 0 0 0 0 0 0 0 0 0 0 0 0 0 0 0 0 0 0 0 0 0 0 0 0 0 0 0 0 0 0 0 0 0 0 0 0 0 6 5 0 0 0 0 0 0 0 0 0 0 0 1 4 1 0 1 1 5 16 31
0 0 0 0 0 0 0 0 0 0 0 0 6 28 12 8 0 0 0 0 0 0 0 0 0 0 0 0 0 0 0 0 0 0 0 0 0 0 0 0 0 0 0 0 0 0 0 0 0 0 0 0 0 0 0 0 0 0 0 0 0 0 0 0 0 0 0 0 0 0 0 0 0 0 3 4 0 0 0 0 0 0 0 0 0 0 0 0 0 0 0 1 2 10 16 20
0 0 0 0 0 0 0 0 0 0 0 0 0 0 0 0 0 0 0 0 0 0 0 0 0 0 0 0 0 0 0 0 0 0 0 0 0 0 0 0 0 0 0 0 0 0 0 0 0 0 0 0 0 0 0 0 0 0 0 0 0 0 0 0 0 0 0 0 0 0 0 0 0 0 2 3 0 0 0 0 0 0 0 0 0 0 0 0 0 0 0 1 12 20 18 19
0 0 0 0 0 0 0 0 0 0 0 0 0 0 0 0 0 0 0 0 0 0 0 0 0 0 0 0 0 0 0 0 0 0 0 0 0 0 0 0 0 0 0 0 0 0 0 0 0 0 0 0 0 0 0 0 0 0 0 0 0 0 0 0 0 0 0 0 0 0 0 0 0 0 0 0 0 1 1 1 0 0 0 0 0 0 0 0 0 0 0 1 13 13 9 9
0 0 0 0 0 0 0 0 0 0 0 0 0 0 0 0 0 0 0 0 0 0 0 0 0 0 0 0 0 0 0 0 0 0 0 0 0 0 0 0 0 0 0 0 0 0 0 0 0 0 0 0 0 0 0 0 0 0 0 0 0 0 0 0 0 0 0 0 0 0 0 0 0 0 2 1 2 5 5 1 0 0 0 0 0 0 0 0 0 0 0 0 3 1 0 0
0 0 0 0 0 0 0 0 0 0 0 0 0 0 0 0 0 0 0 0 0 0 0 0 0 0 0 0 0 0 0 0 0 0 0 0 0 0 0 0 0 0 0 0 0 0 0 0 0 0 0 0 0 0 0 0 0 0 0 0 0 0 0 0 0 0 0 0 0 0 0 0 0 1 6 7 6 1 1 0 0 0 0 0 0 0 0 0 0 0 0 0 0 0 0 0
0 0 0 0 0 0 0 0 0 0 0 0 0 0 0 0 0 0 0 0 0 0 0 0 0 0 0 0 0 0 0 0 0 0 0 0 0 0 0 0 0 0 0 0 0 0 0 0 0 0 0 0 0 0 0 0 0 0 0 0 0 0 0 0 0 0 0 0 0 0 0 0 0 1 11 13 6 1 0 0 0 0 0 0 0 0 0 0 0 0 0 0 0 0 0 0
0 0 0 0 0 0 0 0 0 0 0 0 0 0 0 0 0 0 0 0 0 0 0 0 0 0 0 0 0 0 0 0 0 0 0 0 0 0 0 0 0 0 0 0 0 0 0 0 0 0 0 0 0 0 0 0 0 0 0 0 0 0 0 0 0 0 0 0 0 0 0 0 0 1 10 10 2 0 0 0 0 0 0 0 0 0 0 0 0 0 0 0 0 0 0 0
