data/Falklands_DEM_1km.asc
ncols        358
nrows        345
xllcorner    141722.703600000008
yllcorner    4116384.739400000311
cellsize     1000.000000000000
[rows 132 to 197 of 345, columns 96 to 191 of 358]
5 0 0 0 0 0 0 0 0 0 0 0 0 0 0 0 0 0 0 0 0 0 1 2 6 4 1 0 0 0 0 0 0 0 0 0 0 0 0 0 0 0 0 0 0 0 0 0 0 0 0 0 0 0 0 0 0 0 0 0 0 0 0 0 0 0 0 0 0 0 0 0 0 0 0 0 0 0 0 0 0 0 0 0 0 0 0 0 0 0 0 0 0 0 0 0
0 0 0 0 0 0 0 0 0 0 0 0 0 0 0 0 0 0 0 0 0 2 7 10 10 8 1 0 0 0 0 0 0 0 0 0 0 0 0 0 0 0 0 0 0 0 0 0 0 0 0 0 0 0 0 0 0 0 0 0 0 0 0 0 0 0 0 0 0 0 0 0 0 0 0 0 0 0 0 0 0 0 0 0 0 0 0 0 0 0 0 0 0 0 0 0
0 0 0 0 0 0 0 0 0 0 0 0 0 0 0 0 0 0 0 0 0 0 1 1 0 0 0 0 0 0 0 0 0 0 0 0 0 0 0 0 0 0 0 0 0 0 0 0 0 0 0 0 0 0 0 0 0 0 0 0 0 0 0 0 0 0 0 0 0 0 0 0 0 0 0 0 0 0 0 0 0 0 0 0 0 0 0 0 0 0 0 0 0 0 0 0
0 0 0 0 0 0 0 0 0 0 0 0 0 0 0 0 0 0 0 0 0 0 0 0 0 0 0 0 0 0 0 0 0 0 0 0 0 0 0 0 0 0 0 0 0 0 0 0 0 0 0 0 0 0 0 0 0 0 0 0 0 0 0 0 0 0 0 0 0 0 0 0 0 0 0 0 0 0 0 0 0 0 0 0 0 0 0 0 0 0 0 0 0 0 0 0
0 0 0 0 0 0 0 0 0 0 0 0 0 0 0 0 0 0 0 0 0 0 0 0 0 0 0 0 0 0 0 0 0 0 0 0 0 0 0 0 0 0 0 0 0 0 0 0 0 0 0 0 0 0 0 0 0 0 0 0 0 0 0 0 0 0 0 0 0 0 0 0 0 0 0 0 0 0 0 0 0 0 0 0 0 0 0 0 0 0 0 0 0 0 0 0
0 0 0 0 0 0 0 0 0 0 0 0 0 0 0 0 0 0 0 0 0 0 0 0 0 0 0 0 0 0 0 0 0 0 0 0 0 0 0 0 0 0 0 0 0 0 0 0 0 0 0 0 0 0 0 0 0 0 0 0 0 0 0 0 0 0 0 0 0 0 0 0 0 0 0 0 0 0 0 0 0 0 0 0 0 0 0 0 0 0 0 0 0 0 0 0
0 0 0 0 0 0 0 0 0 0 0 0 0 0 0 0 0 0 0 0 0 0 0 0 0 0 0 0 0 0 0 0 0 0 0 0 0 0 0 0 0 0 0 0 0 0 0 0 0 0 1 0 0 0 0 0 0 1 5 0 0 0 0 0 0 0 0 0 0 0 0 0 0 0 0 0 0 0 0 0 0 0 0 0 0 0 0 0 0 0 0 0 0 0 0 0
0 0 0 0 0 0 0 0 0 0 0 0 0 0 0 0 0 0 0 0 0 0 0 0 0 0 0 0 0 0 0 0 0 0 0 0 0 0 0 0 0 0 0 0 0 0 0 0 0 0 0 0 0 0 0 0 0 2 10 4 0 0 0 0 0 0 0 0 0 0 0 0 0 0 0 0 0 0 0 0 0 0 0 0 0 0 0 0 0 0 0 0 0 0 0 0
0 0 0 0 0 0 0 0 0 0 0 0 0 0 0 0 0 0 0 0 0 0 0 0 0 0 0 0 0 0 0 0 0 0 0 0 0 0 0 0 0 0 0 0 0 0 0 0 0 0 0 0 0 0 0 0 0 0 0 1 0 0 0 0 0 0 0 0 1 0 0 0 0 0 0 0 0 0 0 0 0 0 0 0 0 0 0 0 0 0 0 0 0 0 0 0
0 0 0 0 0 0 0 0 0 0 0 0 0 0 0 0 0 0 0 0 0 0 0 0 0 0 0 0 0 0 0 0 0 0 0 0 0 0 0 0 0 0 0 0 0 0 0 0 0 0 0 0 0 0 0 0 0 0 0 1 3 1 0 0 0 0 0 0 0 0 0 0 0 0 0 0 0 0 0 0 0 0 0 0 0 0 0 0 0 0 0 0 0 0 0 0
0 0 0 0 0 0 0 0 0 0 0 0 0 0 0 0 0 0 0 0 0 0 0 0 0 0 0 0 0 0 0 0 0 0 0 0 0 0 0 0 0 0 0 0 0 0 0 0 0 0 0 0 0 0 0 0 0 0 0 1 9 10 2 0 0 0 1 3 7 10 2 0 0 0 0 0 0 0 0 0 0 0 0 0 0 0 0 0 0 0 0 0 0 0 0 0
0 0 0 0 0 0 0 0 0 0 0 0 0 0 0 0 0 0 0 0 0 0 0 0 0 0 0 0 0 0 0 0 0 0 0 0 0 0 0 0 0 0 0 0 0 0 0 0 0 0 0 0 0 0 0 0 0 0 0 0 2 7 7 4 0 10 26 46 39 23 8 3 1 0 0 0 1 1 1 1 3 0 0 0 0 0 0 0 0 0 0 0 0 0 0 0
0 0 0 0 0 0 0 1 1 0 0 1 0 0 0 0 0 0 0 0 0 0 0 0 0 0 0 0 0 0 0 0 0 0 0 0 0 0 0 0 0 0 0 0 0 0 0 0 0 0 0 0 0 0 0 0 0 0 0 0 0 0 2 3 3 18 72 112 54 30 18 15 10 6 3 3 18 22 25 23 16 5 0 0 0 0 0 2 3 0 0 0 0 0 0 0
0 0 0 0 0 0 0 0 0 0 0 4 9 2 0 0 0 0 0 0 0 0 0 0 0 0 0 0 0 0 1 0 1 1 0 0 0 0 0 0 0 0 0 0 0 0 0 0 0 0 0 0 0 0 0 0 0 0 0 1 1 0 0 0 1 9 32 45 44 50 48 37 31 29 26 29 54 54 46 39 15 2 0 0 1 4 2 10 18 9 0 0 0 0 0 0
0 0 0 0 0 0 0 0 0 0 1 10 59 46 1 0 0 0 0 0 0 0 0 0 0 0 0 0 0 0 19 44 20 14 4 0 0 0 0 0 0 0 0 0 0 0 0 0 0 0 0 0 0 0 0 0 0 0 0 0 0 0 0 0 0 0 3 5 12 51 79 40 32 42 48 58 143 141 82 45 21 3 0 0 1 6 9 11 16 12 0 0 0 0 0 0
0 0 0 0 0 0 0 0 0 0 1 18 90 146 42 1 0 0 0 0 0 0 0 0 0 0 0 0 0 0 37 156 156 148 53 2 0 0 0 0 0 0 0 0 0 0 0 0 0 0 0 0 0 3 4 8 5 0 0 0 0 0 0 0 0 0 0 0 0 3 12 7 8 20 24 18 56 77 58 40 27 5 0 0 1 7 11 16 13 10 1 0 0 0 0 0
0 0 0 0 0 0 0 0 0 0 0 13 83 143 111 47 10 0 0 0 0 0 0 0 0 0 0 0 0 0 4 75 226 313 216 31 0 0 0 0 0 0 0 0 0 0 0 0 0 0 1 7 7 7 14 62 56 4 0 0 0 0 0 0 0 0 0 0 0 0 0 1 2 2 0 0 2 4 9 14 20 3 1 2 5 10 13 17 20 8 9 5 0 0 0 0
0 0 0 0 0 0 0 0 0 0 0 1 16 74 60 91 67 5 0 0 0 0 0 0 0 0 0 0 0 0 0 5 53 159 239 94 4 1 0 0 0 0 0 0 7 21 15 2 0 0 29 91 105 51 18 42 70 24 4 0 0 0 0 0 0 0 0 0 0 0 0 1 1 0 0 0 0 0 0 0 6 9 7 7 11 13 16 20 21 11 10 12 2 0 0 0
0 0 0 0 0 0 0 0 0 0 0 0 1 13 6 9 56 22 0 0 0 0 0 0 0 0 0 0 0 0 0 0 1 16 52 51 23 92 96 33 4 3 9 74 162 158 45 10 11 1 43 150 194 161 101 36 16 12 8 5 0 0 0 0 0 0 0 0 1 1 2 1 0 0 0 0 0 0 0 0 2 13 14 12 17 17 17 19 16 6 2 11 12 1 0 0
0 0 0 0 0 0 0 0 0 0 0 0 0 0 0 1 14 5 0 0 0 0 0 0 0 0 0 0 0 0 0 0 0 0 0 0 21 191 295 211 110 103 88 237 271 120 23 21 15 0 3 36 97 178 206 164 63 10 4 4 0 0 0 0 0 0 0 0 1 5 4 2 0 2 1 0 0 0 0 0 1 17 29 32 32 30 26 29 27 14 3 2 8 5 6 12
0 0 0 0 0 0 0 0 0 0 0 0 0 0 0 0 4 1 0 0 0 0 0 0 0 0 0 0 0 0 0 0 0 0 0 0 3 63 149 169 252 291 188 202 147 58 31 21 11 8 1 1 28 133 224 261 156 30 3 0 0 0 1 3 0 0 0 0 0 4 8 7 1 3 1 4 6 3 3 1 0 4 23 33 37 26 26 18 14 13 10 1 0 1 18 37
1 0 0 0 0 0 0 0 0 0 0 0 0 0 0 0 0 1 0 0 4 2 0 0 0 0 0 0 0 0 0 0 0 0 0 0 1 5 24 58 137 171 94 76 102 84 76 65 57 21 2 0 1 28 119 194 173 98 16 0 0 0 1 3 4 0 1 1 6 6 6 13 9 3 3 5 5 4 4 0 0 0 0 1 2 1 2 1 0 0 1 5 7 1 6 30
0 2 38 10 3 0 0 0 0 0 0 0 0 0 0 0 0 0 0 0 5 3 0 0 0 0 0 0 0 0 0 0 0 0 0 0 7 30 20 14 41 46 31 53 116 133 147 123 69 11 0 0 0 0 8 31 40 58 18 0 0 0 0 1 3 2 5 4 4 10 12 11 7 5 2 2 2 2 1 0 0 0 0 0 0 0 0 0 0 0 0 6 27 25 20 25
0 3 66 84 52 8 1 2 7 9 3 0 0 0 0 0 0 0 0 0 0 0 0 0 0 0 0 0 0 0 0 0 0 0 0 0 6 75 106 18 2 6 11 22 52 79 108 83 16 1 0 0 0 0 0 0 1 4 1 0 1 1 0 1 2 2 3 3 0 2 5 6 1 1 1 5 8 5 7 7 3 1 0 0 0 0 0 0 0 0 0 2 29 56 56 47
0 0 17 84 94 41 11 2 3 12 29 19 2 0 0 0 0 0 0 0 0 0 0 0 3 14 12 1 0 0 0 0 0 0 5 10 30 79 94 42 6 0 1 3 4 14 22 15 1 0 0 0 0 0 0 1 0 0 0 1 5 4 3 5 6 2 0 1 0 0 2 2 0 1 1 2 4 8 11 10 4 1 0 0 0 0 0 0 0 0 0 0 10 75 119 92
0 0 0 47 182 105 28 30 29 7 12 32 29 12 2 0 0 0 0 0 0 0 0 0 0 9 28 11 0 0 0 0 0 11 64 81 84 97 152 109 21 1 0 0 5 13 12 6 0 0 0 0 1 1 0 2 1 0 0 1 5 4 1 1 1 0 0 0 0 0 1 1 3 4 4 3 2 3 2 2 0 0 0 0 0 0 0 1 2 0 0 1 18 80 139 117
0 0 0 59 260 135 7 27 75 45 64 39 40 38 38 30 12 3 0 0 0 0 0 0 0 0 2 3 0 0 0 0 0 18 108 149 151 170 197 135 25 2 0 3 7 12 4 1 0 0 6 13 12 6 1 0 0 1 1 2 11 14 5 0 0 1 0 0 0 3 2 1 4 8 6 2 2 0 0 0 0 0 0 0 0 0 1 14 27 7 18 36 59 104 133 131
0 0 0 22 149 50 1 0 18 49 173 141 95 59 80 53 43 25 13 4 0 0 0 0 0 0 0 0 0 0 0 1 2 4 51 145 245 233 97 39 11 2 6 10 11 5 0 0 0 0 5 25 28 8 0 0 3 6 9 8 6 4 2 2 3 2 1 0 0 0 1 1 7 11 8 4 2 0 1 2 3 2 0 0 0 0 10 39 32 6 11 14 18 60 128 141
0 0 0 1 8 1 0 0 0 64 277 307 202 133 116 109 123 61 50 33 8 2 0 0 0 0 0 0 0 0 0 1 3 12 24 85 159 112 29 6 5 5 17 19 10 3 0 0 1 0 2 15 14 2 0 3 13 20 24 14 7 7 7 4 3 1 3 2 0 1 3 2 5 10 8 2 0 3 4 7 10 6 0 0 0 20 61 54 22 6 0 0 0 5 29 72
0 0 0 0 0 0 0 0 0 46 278 386 340 294 221 218 216 87 83 76 37 31 7 1 0 0 0 0 0 0 0 0 0 5 38 73 88 37 3 1 1 1 2 2 2 0 0 0 6 10 9 11 9 1 2 14 21 40 34 19 13 19 14 13 10 9 15 13 8 6 8 5 3 4 1 0 0 2 2 2 4 4 1 1 11 81 83 13 1 0 0 0 0 0 0 5
0 0 0 0 0 0 0 0 11 66 147 257 282 344 345 362 330 148 150 200 113 58 22 20 5 0 0 0 0 0 0 0 0 0 4 18 20 8 0 0 0 0 0 1 5 3 0 0 5 30 55 71 67 35 15 28 38 56 42 24 19 24 29 29 29 24 21 20 13 8 4 2 1 1 0 0 2 0 0 0 2 1 6 23 59 35 10 0 0 0 0 0 0 0 1 11
0 0 0 0 0 0 0 0 42 117 106 172 221 317 404 406 362 298 267 252 149 74 42 35 32 16 1 0 0 0 0 0 0 0 0 0 0 0 0 0 0 0 0 0 0 2 1 1 7 25 67 143 170 108 51 31 48 76 52 34 32 27 29 33 32 16 7 8 3 2 0 1 1 1 0 0 1 5 14 10 17 13 20 18 13 3 0 0 0 0 0 0 1 3 20 65
0 0 0 0 0 0 0 0 1 5 16 163 283 326 410 429 436 423 285 133 109 90 51 59 54 47 17 0 0 0 0 0 0 0 0 0 0 0 0 0 0 0 0 0 0 0 1 10 9 16 43 96 139 140 120 85 89 106 85 64 51 36 25 17 13 8 5 1 0 1 0 0 0 2 4 11 17 40 66 41 28 20 3 0 0 6 12 3 1 1 1 1 16 34 77 122
0 0 0 0 0 0 0 0 0 0 0 32 121 135 179 266 352 348 276 154 96 36 36 111 91 56 35 10 0 0 0 0 0 0 0 0 0 0 0 0 0 0 0 0 0 0 0 4 9 17 24 22 37 70 164 186 168 180 128 97 78 56 37 25 20 12 9 3 3 5 8 4 6 26 35 50 65 78 110 67 79 68 22 7 4 4 31 40 20 20 13 17 42 92 165 180
0 0 0 0 0 0 0 0 0 0 0 1 7 10 21 59 95 137 180 80 7 0 31 160 136 83 81 63 25 2 0 0 0 0 0 0 0 0 0 0 0 0 0 0 0 0 0 0 2 3 3 1 2 14 77 132 112 146 144 116 110 81 81 69 59 46 46 44 37 37 36 24 28 55 73 84 106 123 115 71 101 94 71 50 38 16 23 83 71 65 49 67 89 136 223 279
0 0 0 0 0 0 0 0 0 0 0 0 0 0 0 1 2 10 14 3 0 0 6 40 42 131 153 182 115 48 15 1 0 0 0 0 0 0 0 0 0 0 0 0 0 0 0 0 0 0 0 0 0 1 10 36 60 107 101 68 83 55 70 86 81 65 84 77 54 59 66 46 58 85 93 92 128 162 150 81 84 125 106 113 109 62 40 64 124 133 118 126 145 191 204 208
0 0 0 0 0 0 0 0 0 0 0 0 0 0 0 0 0 0 0 0 0 0 0 0 4 60 135 250 192 127 86 41 7 0 0 0 0 0 0 0 0 0 0 0 0 0 0 0 0 0 1 6 15 26 28 22 33 41 33 26 30 27 46 53 44 55 76 72 76 110 98 83 103 105 136 127 148 156 193 136 77 153 147 149 145 104 103 67 144 193 169 171 205 157 98 60
0 0 1 13 5 1 0 0 0 0 0 0 0 0 1 0 0 0 0 0 0 0 0 0 0 4 39 104 100 75 125 122 97 40 15 2 0 0 0 0 0 0 2 1 0 0 0 1 5 3 6 37 82 116 114 70 28 25 23 36 37 36 39 57 81 107 104 100 97 165 131 120 130 125 172 171 174 168 201 161 91 161 267 227 169 163 152 96 121 235 188 148 99 53 39 37
0 0 0 13 42 34 1 0 0 0 0 0 0 0 2 1 0 0 2 0 0 0 0 0 0 0 7 23 19 20 77 163 164 124 112 54 12 1 0 0 0 3 3 0 0 1 0 3 20 16 12 26 59 97 107 71 54 49 46 67 72 80 95 115 147 164 146 122 121 191 125 126 139 174 172 155 102 107 74 78 102 160 266 278 170 260 273 164 62 84 66 33 27 34 39 25
0 0 0 0 8 14 0 0 0 0 0 0 0 0 0 0 0 6 5 1 6 10 9 2 0 0 0 15 32 30 42 77 87 155 235 167 93 47 31 25 20 17 9 4 4 9 5 12 27 33 32 39 63 87 92 85 92 86 105 112 111 123 145 177 234 274 237 152 121 146 112 179 142 142 102 67 45 46 24 25 99 191 149 131 97 217 279 134 30 13 15 21 25 30 39 45
0 0 0 0 0 0 0 0 0 0 0 0 0 0 0 0 1 8 7 41 85 108 94 44 31 18 7 21 43 31 30 48 72 118 179 149 141 123 120 120 112 87 66 45 40 39 41 53 65 73 79 88 114 126 119 105 131 112 156 170 189 221 245 307 279 262 186 73 76 63 55 107 86 55 41 32 22 19 20 25 91 215 140 65 49 73 90 49 17 18 18 28 48 79 98 97
0 0 0 0 0 0 0 0 0 0 0 0 0 0 0 0 0 0 26 119 135 191 206 116 122 110 74 66 47 25 16 18 30 46 64 62 62 59 80 99 104 122 179 153 133 125 139 148 145 141 156 159 168 182 186 149 174 169 195 225 300 380 398 306 177 100 73 38 31 27 23 29 34 30 38 40 37 34 38 32 47 104 92 54 54 36 22 15 16 21 19 38 52 59 52 42
0 0 0 0 0 0 0 0 0 0 0 0 0 0 0 0 0 0 11 54 88 152 207 159 140 159 125 115 79 63 46 28 27 22 28 38 42 45 62 75 51 62 120 166 227 264 273 264 219 238 251 254 230 258 302 245 200 239 283 337 390 445 494 275 105 54 37 30 28 29 26 25 27 46 60 66 63 51 45 31 34 36 38 41 51 43 26 20 19 30 20 29 35 42 39 31
0 0 0 0 0 0 0 0 0 0 0 0 0 0 0 0 0 0 4 30 55 71 98 113 84 112 91 97 86 72 57 49 67 62 51 38 34 34 42 55 50 57 65 96 271 431 443 399 270 356 343 333 286 346 392 338 198 277 334 413 373 402 461 238 85 47 36 34 34 37 33 38 45 56 63 81 68 39 28 27 30 28 32 50 67 66 43 32 25 45 35 31 39 54 66 36
0 0 0 0 0 0 0 0 0 0 0 0 0 0 0 0 0 0 1 12 13 22 47 89 76 122 75 62 58 32 26 27 39 62 68 71 57 52 50 43 42 54 73 106 225 431 529 463 312 451 431 355 365 423 419 312 190 272 318 389 312 294 325 154 58 38 37 43 45 40 34 40 54 67 57 65 52 32 33 33 33 33 41 57 68 68 49 32 30 54 47 43 58 135 146 74
0 0 0 0 0 0 0 0 0 0 0 0 0 0 0 0 0 0 0 2 4 0 4 16 30 66 46 37 76 55 25 14 8 24 42 61 51 83 109 89 56 56 83 123 180 297 472 470 376 549 460 374 491 466 367 330 203 255 323 357 326 178 153 76 43 41 44 54 55 39 34 33 49 58 51 58 45 39 35 30 36 38 40 51 54 51 51 45 41 57 48 45 107 116 130 122
0 0 0 0 0 0 0 0 0 0 0 0 0 0 0 0 0 0 0 31 32 1 0 0 3 22 25 92 162 118 75 62 34 17 37 66 48 67 81 110 104 66 71 111 152 212 337 405 430 536 421 468 561 515 451 379 195 229 378 342 306 129 71 58 55 56 48 58 54 44 43 37 46 44 51 57 44 54 40 49 68 70 69 65 67 56 43 38 43 52 46 83 115 52 127 186
0 0 0 0 0 0 0 0 0 0 0 0 0 0 0 0 0 0 0 21 14 0 0 0 0 1 13 92 182 165 103 97 55 50 58 45 59 64 63 80 97 74 64 92 124 181 305 424 552 587 481 526 603 535 462 276 162 232 375 254 176 118 123 131 91 61 52 56 54 65 59 42 53 46 49 52 60 71 89 145 146 141 157 144 144 114 77 50 33 35 50 89 32 28 151 202
0 0 0 0 0 0 0 0 0 0 0 0 0 0 0 0 0 0 0 1 1 0 0 0 0 0 1 13 62 81 59 47 21 35 46 59 75 113 106 74 57 66 62 80 105 150 224 327 438 530 514 562 575 425 361 204 168 287 372 314 259 248 248 207 114 66 55 58 73 94 88 68 58 62 64 96 104 112 195 334 267 256 339 324 256 177 117 88 36 30 59 48 28 43 155 153
16 16 5 0 0 0 0 0 0 0 0 0 0 0 0 0 0 0 0 0 0 0 0 0 0 0 0 0 1 4 4 3 1 20 58 99 85 98 140 95 50 49 54 65 92 128 172 216 263 332 360 431 484 359 266 219 221 363 449 460 361 310 285 186 111 75 61 61 102 149 189 160 113 118 132 190 181 185 255 405 336 382 540 473 293 172 102 70 23 28 70 30 114 148 169 77
26 35 30 12 0 0 0 0 0 0 0 0 0 0 0 0 0 0 0 0 0 0 0 0 0 0 0 0 0 0 0 0 0 10 49 102 103 89 120 110 84 52 48 56 70 87 104 134 170 205 212 275 403 423 363 412 346 507 573 488 309 207 212 148 91 74 95 98 136 229 316 289 202 216 232 275 310 346 324 367 462 540 539 379 217 147 71 29 21 62 36 35 177 197 87 10
2 4 7 4 1 0 0 0 0 0 0 0 0 0 0 0 0 0 0 0 0 0 1 1 1 0 0 0 0 0 0 0 0 1 18 55 75 57 55 88 142 109 67 53 59 67 63 74 88 112 129 180 249 294 348 406 383 427 456 377 236 152 153 115 86 82 113 160 242 299 381 364 271 333 316 400 421 514 448 430 462 441 386 270 150 86 30 22 53 29 8 96 197 99 9 0
0 0 0 0 0 1 2 0 0 0 0 0 0 0 0 0 0 0 0 0 0 0 10 32 35 0 0 0 0 0 0 0 0 0 0 5 6 3 5 42 113 165 150 85 46 52 52 61 66 67 77 108 150 160 197 207 223 227 236 210 176 141 120 98 86 83 136 203 313 409 440 441 363 416 395 511 507 555 537 515 395 231 183 182 136 54 13 43 13 1 18 97 97 20 0 0
0 0 0 0 0 1 15 3 0 0 0 0 0 0 0 0 0 0 0 0 0 0 2 29 32 5 0 0 0 0 0 0 0 0 0 0 3 8 11 21 66 132 183 153 82 44 36 45 52 53 63 70 90 105 109 115 130 129 134 128 128 127 130 98 67 83 125 184 285 431 493 489 441 470 483 567 500 459 523 426 306 204 127 94 79 19 14 18 0 0 1 6 5 0 0 0
0 0 0 0 0 0 9 11 0 0 0 0 0 0 0 0 0 0 0 0 0 0 0 1 19 15 0 0 0 2 12 2 0 0 0 0 1 2 6 14 33 76 148 205 180 123 79 43 28 37 44 58 80 96 84 79 84 90 96 87 95 97 101 82 64 89 142 226 321 416 460 483 486 504 502 492 396 417 414 310 244 187 133 75 20 17 14 2 0 0 0 0 0 0 0 0
0 0 0 0 0 0 2 10 0 0 0 0 0 0 0 0 0 0 0 0 0 0 0 0 0 0 0 0 0 6 44 9 0 0 0 0 0 0 0 2 15 42 85 133 161 172 185 109 40 30 31 63 106 123 93 73 63 69 74 70 76 75 81 75 69 104 182 268 333 354 380 468 523 501 384 293 275 337 241 192 160 134 83 23 17 35 5 0 0 0 0 0 0 0 0 0
0 0 0 0 0 0 3 16 1 0 0 0 0 0 0 0 0 0 0 0 0 0 0 0 0 0 0 0 0 0 3 1 0 5 1 0 0 0 1 0 2 32 63 56 73 88 121 90 39 24 20 39 74 112 86 66 52 50 54 62 64 75 78 67 65 109 169 255 226 254 375 459 503 493 343 197 175 187 131 93 74 59 21 13 51 15 1 0 0 0 0 0 0 0 0 0
0 0 0 0 0 0 2 25 5 0 0 0 0 0 0 0 0 0 0 0 0 0 0 0 0 0 0 0 0 0 0 0 0 0 0 0 0 2 24 23 3 6 28 35 32 33 35 37 29 26 24 24 32 59 62 52 47 43 53 63 62 64 64 53 53 85 115 203 203 170 242 329 416 459 331 213 192 162 123 104 99 65 17 49 35 2 0 0 0 0 0 0 0 0 0 0
0 0 0 0 0 0 2 32 19 1 0 0 0 0 0 0 0 0 0 0 0 0 0 0 0 0 0 0 0 0 0 0 0 0 0 0 1 9 46 85 46 4 3 11 15 16 13 8 14 26 35 47 66 89 84 68 57 43 54 76 71 60 46 47 64 82 103 163 203 153 252 333 356 418 410 368 378 368 250 168 142 54 32 66 10 0 0 0 0 0 0 0 0 0 0 0
0 0 0 0 0 0 5 40 29 3 2 0 0 0 0 0 0 0 0 0 0 0 0 0 0 0 0 1 7 21 19 10 3 1 2 7 23 53 78 127 134 30 2 0 2 4 3 1 6 13 22 38 56 72 83 72 61 45 41 59 66 70 56 53 65 86 90 117 149 129 184 239 230 282 321 399 503 493 290 224 128 36 55 29 1 0 0 0 0 0 0 0 0 0 0 0
0 0 0 0 0 0 2 20 9 18 25 7 4 1 0 0 0 0 0 0 0 0 0 0 0 0 3 18 48 79 92 78 41 37 46 60 85 100 86 167 148 69 27 5 2 0 0 0 3 6 10 13 17 25 40 48 43 33 37 52 59 66 70 66 55 74 72 89 113 107 103 137 161 203 248 353 484 445 232 160 82 44 60 7 0 0 0 0 0 0 0 0 0 0 0 0
0 0 0 0 0 0 0 0 2 40 48 32 20 21 6 0 0 0 0 0 0 0 0 0 1 10 37 66 87 107 132 121 72 74 112 130 121 67 51 143 124 88 101 59 39 22 11 3 3 7 4 4 7 12 29 46 41 32 34 50 70 76 83 83 54 62 54 50 61 79 131 207 248 279 333 436 408 350 191 99 57 65 37 1 0 0 0 0 0 0 0 0 0 0 0 0
0 0 0 0 0 0 0 0 0 24 59 53 35 49 35 12 1 0 0 0 0 0 1 10 28 57 87 106 94 106 120 126 63 73 123 150 97 8 3 11 11 10 43 83 112 151 138 77 14 9 13 26 46 41 61 57 41 36 38 52 78 87 80 91 62 45 43 40 62 93 124 229 368 433 465 440 276 196 151 71 49 76 15 0 0 0 0 0 0 0 0 0 0 0 0 0
0 0 0 0 0 0 0 0 0 4 48 69 50 64 61 43 23 12 9 7 8 16 29 56 80 107 128 123 70 51 34 61 24 53 90 110 43 0 0 0 0 2 20 86 137 179 253 200 47 7 6 17 38 33 44 37 32 51 48 42 64 69 65 76 56 37 44 45 84 131 141 198 365 475 414 312 245 161 78 36 49 45 3 0 0 0 0 0 3 2 0 0 0 0 0 0
0 0 0 0 0 0 0 0 0 2 46 70 59 69 82 74 60 49 41 36 43 58 70 98 120 132 126 93 30 4 2 3 0 7 13 18 3 0 0 0 0 3 22 81 178 190 228 217 86 34 24 10 11 9 18 14 25 55 56 38 50 51 57 56 36 38 39 59 112 209 248 211 303 300 253 223 182 113 43 22 33 5 0 0 0 0 0 1 5 1 0 0 0 0 0 0
0 0 0 0 0 0 0 0 0 0 25 63 61 68 94 98 87 83 73 59 84 98 101 122 137 131 100 55 18 2 0 0 0 0 0 0 0 0 0 0 0 0 8 94 203 189 176 226 120 136 91 39 20 20 28 16 13 25 35 32 40 29 38 34 39 41 49 89 153 295 312 284 327 206 163 139 77 37 33 62 18 1 0 0 0 0 0 2 2 0 0 0 0 0 0 0
