data/Falklands_DEM_1km.asc
ncols        358
nrows        345
xllcorner    141722.703600000008
yllcorner    4116384.739400000311
cellsize     1000.000000000000
[rows 132 to 197 of 345, columns 192 to 287 of 358]
0 0 0 0 0 0 0 0 0 0 0 0 0 0 0 0 0 0 0 0 0 0 0 0 0 0 0 0 0 0 0 0 0 0 0 0 0 0 0 0 0 0 0 0 0 0 0 0 0 0 0 0 0 0 0 0 0 0 0 0 0 0 0 0 0 0 0 0 0 0 0 0 0 0 0 0 0 0 0 0 0 0 0 0 0 0 0 0 0 0 0 0 0 0 0 0
0 0 0 0 0 0 0 0 0 0 0 0 0 0 0 0 0 0 0 0 0 0 0 0 0 0 0 0 0 0 0 0 0 0 0 0 0 0 0 0 0 0 0 0 0 0 0 0 0 0 0 0 0 0 0 0 0 0 0 0 0 0 0 0 0 0 0 0 0 0 0 0 0 0 0 0 0 0 0 0 0 0 0 0 0 0 0 0 0 0 0 0 0 0 0 0
0 0 0 0 0 0 0 0 0 0 0 0 0 0 0 0 0 0 0 0 0 0 0 0 0 0 0 0 0 0 0 0 0 0 0 0 0 0 0 0 0 0 0 0 0 0 0 0 0 0 0 0 0 0 0 0 0 0 0 0 0 0 0 0 0 0 0 0 0 0 0 0 0 0 0 0 0 0 0 0 0 0 0 0 0 0 0 0 0 0 0 0 0 0 0 0
0 0 0 0 0 0 0 0 0 0 0 0 0 0 0 0 0 0 0 0 0 0 0 0 0 0 0 0 0 0 0 0 0 0 0 0 0 0 0 0 0 0 0 0 0 0 0 0 0 0 0 0 0 0 0 0 0 0 0 0 0 0 0 0 0 0 0 0 0 0 0 0 0 0 0 0 0 0 0 0 0 0 0 0 0 0 0 0 0 0 0 0 0 0 0 0
0 0 0 0 0 0 0 0 0 0 0 0 0 0 0 0 0 0 0 0 0 0 0 0 0 0 0 0 0 0 0 0 0 0 0 0 0 0 0 0 0 0 0 0 0 0 0 0 0 0 0 0 0 0 0 0 0 0 0 0 0 0 0 0 0 0 0 0 0 0 0 0 0 0 0 0 0 0 0 0 0 0 0 0 0 0 0 0 0 0 0 0 0 0 0 0
0 0 0 0 0 0 0 0 0 0 0 0 0 0 0 0 0 0 0 0 0 0 0 0 0 0 0 0 0 0 0 0 0 0 0 0 0 0 0 0 0 0 0 0 0 0 0 0 0 0 0 0 0 0 0 0 0 0 0 0 0 0 0 0 0 0 0 0 0 0 0 0 0 0 0 0 0 0 0 0 0 0 0 0 0 0 0 0 0 0 0 0 0 0 0 0
0 0 0 0 0 0 0 0 0 0 0 0 0 0 0 0 0 0 0 0 0 0 0 0 0 0 0 0 0 1 0 0 0 0 0 0 0 0 0 0 0 0 0 0 0 0 0 0 0 0 0 0 0 0 0 0 0 0 0 0 0 0 0 0 0 0 0 0 0 0 0 0 0 0 0 0 0 0 0 0 0 0 0 0 0 0 0 0 0 0 0 0 0 0 0 0
0 0 0 0 0 0 0 0 0 0 0 0 0 0 0 0 0 0 0 0 0 0 0 0 0 0 0 0 2 14 2 0 0 0 0 0 0 0 0 0 0 0 0 0 0 0 0 0 0 0 0 0 0 0 0 0 0 0 0 0 0 0 0 0 0 0 0 0 0 0 0 0 0 0 0 0 0 0 0 0 0 0 0 0 0 0 0 0 0 0 0 0 0 0 0 0
0 0 0 0 0 0 0 0 0 0 0 0 0 0 0 0 0 0 0 0 0 0 0 0 0 0 0 0 1 19 20 4 0 0 0 0 0 0 0 0 0 0 0 0 0 0 0 0 0 0 0 0 0 0 0 0 0 0 0 0 0 0 0 0 0 0 0 0 0 0 0 0 0 0 0 0 0 0 0 0 0 0 0 0 0 0 0 0 0 0 0 0 0 0 0 0
0 0 0 0 0 0 0 0 0 0 0 0 0 0 0 0 0 0 0 0 0 0 0 0 0 0 0 0 0 2 16 14 2 0 0 0 0 0 0 0 0 0 0 0 0 0 0 0 0 0 0 0 0 0 0 0 0 0 0 0 0 0 0 0 0 0 0 0 0 0 0 0 0 0 0 0 0 0 0 0 0 0 0 0 0 0 0 0 0 0 0 0 0 0 0 0
0 0 0 0 0 0 0 0 0 0 0 0 0 0 0 0 0 0 0 0 0 0 0 0 0 0 0 0 0 1 6 18 17 2 0 0 0 0 0 0 0 0 0 0 0 0 0 0 0 0 0 0 0 0 0 0 0 0 0 0 0 0 0 0 0 0 0 0 0 0 0 0 0 0 0 0 0 0 0 0 0 0 0 0 0 0 0 0 0 0 0 0 0 0 0 0
0 0 0 0 0 0 0 0 0 0 0 0 0 0 0 0 0 0 0 0 0 0 0 0 0 0 0 0 0 0 4 20 34 11 2 0 0 0 0 0 0 0 0 0 0 0 0 0 0 0 0 0 0 0 0 0 0 0 0 0 0 0 0 0 0 0 0 0 0 0 0 0 0 0 0 0 0 0 0 0 0 0 0 0 0 0 0 0 0 0 0 0 0 0 0 0
0 0 0 0 0 0 0 0 0 0 0 0 0 0 0 0 0 0 0 0 0 0 0 0 0 0 0 0 0 0 1 10 22 26 20 10 7 6 1 0 0 0 0 0 0 0 0 0 0 0 0 0 0 0 0 0 0 0 0 0 0 0 0 0 0 0 0 0 0 0 0 0 0 0 0 0 0 0 0 0 0 0 0 0 0 0 0 0 0 0 0 0 0 0 0 0
0 0 0 0 0 0 0 0 0 0 0 0 0 0 0 0 0 0 0 0 0 0 0 0 0 0 0 0 0 0 0 1 17 30 30 28 29 29 12 1 0 0 0 0 0 0 0 0 0 0 0 0 0 0 0 1 10 6 6 17 3 0 1 5 3 0 0 0 0 0 0 0 0 0 0 0 0 0 0 0 0 0 0 0 0 0 0 0 0 0 0 0 0 0 0 0
0 0 0 0 0 0 0 0 0 0 0 0 0 0 0 0 0 0 0 0 0 0 0 0 0 0 0 0 0 0 0 0 8 30 34 35 35 32 14 7 8 6 0 0 0 0 0 0 0 0 0 0 0 0 0 2 21 26 37 48 23 15 24 28 9 1 0 0 0 0 0 0 0 0 0 0 0 0 0 0 0 0 0 0 0 0 0 0 0 0 0 0 0 0 0 0
0 0 0 0 0 0 0 0 0 0 0 0 0 0 0 0 0 0 0 0 0 0 0 0 0 0 0 0 0 0 0 0 8 28 37 40 39 34 21 13 33 34 12 5 1 3 0 0 0 0 0 0 4 2 1 5 12 30 52 59 41 43 44 45 29 20 13 17 3 0 0 0 0 0 0 0 0 0 0 0 0 0 0 0 0 0 0 0 0 0 0 0 0 0 0 0
0 0 0 0 0 0 0 0 0 0 0 0 0 0 0 0 0 0 0 0 0 0 0 0 0 0 0 0 0 0 0 0 1 10 32 38 48 45 32 27 37 47 35 22 11 12 5 2 1 0 0 3 5 14 11 8 9 27 60 66 54 56 55 60 44 39 38 35 14 2 1 0 0 0 0 0 0 0 0 0 0 0 0 0 0 0 0 0 0 0 0 0 0 0 0 0
0 0 0 0 0 0 0 0 0 0 0 0 0 0 0 0 0 0 0 0 0 0 0 0 0 0 0 0 0 0 0 0 0 2 18 35 53 55 42 44 44 55 46 37 26 10 19 20 17 6 7 18 11 21 31 16 11 27 61 79 81 72 70 68 55 49 47 43 29 13 2 0 0 0 0 0 0 0 0 0 0 0 0 0 0 0 0 0 0 0 0 0 0 0 0 0
0 0 0 0 0 0 0 0 0 0 0 0 0 0 0 0 0 0 0 0 0 0 0 0 0 0 0 0 0 0 0 0 0 0 3 26 54 53 55 60 58 66 56 45 34 23 19 34 32 19 12 25 9 21 29 10 9 25 59 82 97 82 80 81 67 58 57 53 36 18 3 0 0 0 0 0 0 0 0 0 0 0 0 0 0 0 0 0 0 0 0 0 0 0 0 0
7 0 0 0 0 0 0 0 0 0 0 0 0 0 0 0 0 0 0 0 0 0 0 0 0 0 0 0 0 0 0 0 0 0 0 7 32 38 57 70 71 59 56 39 26 21 30 39 41 19 22 39 28 8 8 12 14 30 49 80 101 80 77 88 75 69 69 58 39 29 15 3 1 0 0 0 0 0 0 0 0 0 0 0 0 0 0 0 0 0 0 0 0 0 0 0
28 3 0 0 0 0 0 0 0 0 0 0 0 0 0 0 0 0 0 0 0 0 0 0 0 0 0 0 0 0 0 0 0 0 0 0 4 17 44 60 65 44 45 40 23 40 52 50 47 25 34 51 51 26 24 17 19 31 29 46 63 64 67 80 70 70 78 61 45 35 25 14 5 0 0 0 0 0 0 0 0 0 0 0 0 0 0 0 0 0 0 1 4 0 1 0
45 27 6 0 0 0 0 0 0 0 0 0 0 0 0 0 0 0 0 0 0 0 0 0 0 0 0 0 0 0 0 0 0 0 0 0 2 7 14 21 18 13 19 29 29 55 67 65 55 26 45 61 60 51 37 29 37 35 34 27 44 43 46 57 50 57 72 62 46 38 34 22 14 3 0 0 0 0 0 0 0 0 0 0 0 1 1 2 4 3 9 25 25 12 19 4
47 62 42 22 6 1 0 0 0 0 0 0 0 0 0 0 0 0 0 0 0 0 0 0 0 0 0 0 0 0 0 0 0 0 0 0 3 5 5 5 7 8 5 21 45 65 74 68 50 26 51 66 65 64 49 45 52 53 39 31 49 21 13 25 27 35 51 54 42 37 34 26 22 10 0 0 0 0 0 2 4 2 2 4 5 10 21 21 35 29 33 43 42 38 30 19
58 72 78 53 36 17 10 3 0 0 0 0 0 0 0 0 0 0 0 0 0 0 0 0 0 0 1 7 14 11 6 10 25 18 16 15 6 4 6 8 15 17 9 16 44 69 75 60 50 38 61 76 72 61 64 60 64 62 30 34 38 5 8 45 60 56 39 30 28 27 22 16 12 5 1 0 0 5 12 16 21 16 17 27 34 35 40 32 47 49 50 53 53 45 32 23
79 76 84 70 66 53 47 29 19 7 2 0 0 0 0 0 0 0 0 0 0 0 0 0 0 0 3 26 43 46 31 22 43 46 50 52 31 16 18 36 33 21 16 19 35 59 72 69 70 59 75 84 72 75 75 74 68 44 16 30 18 4 7 30 63 60 43 25 26 21 17 21 23 12 2 0 1 9 24 30 37 39 48 53 56 45 51 52 50 68 75 72 63 51 38 23
98 97 88 78 113 142 98 60 55 42 15 1 1 2 0 0 0 0 0 0 0 0 0 0 0 0 1 20 42 53 44 29 30 48 58 67 66 49 50 61 35 28 29 22 33 53 87 98 85 74 88 91 85 91 87 78 52 25 15 18 6 11 2 12 53 60 38 22 32 35 26 27 23 15 4 0 3 18 23 44 59 63 76 74 60 56 67 68 57 82 87 75 58 46 40 32
121 116 106 94 114 164 146 94 75 62 33 24 17 6 0 0 0 0 0 0 2 0 0 0 0 0 5 23 42 51 51 55 52 46 59 75 76 63 69 58 36 46 38 24 30 58 113 128 104 91 103 115 114 103 88 63 47 45 24 6 4 9 1 6 50 64 56 48 43 47 31 26 28 24 11 1 5 21 39 70 80 89 109 82 68 78 82 75 65 87 88 71 63 47 47 42
102 81 85 113 137 172 154 91 51 56 40 24 5 0 0 0 0 0 0 5 26 8 0 0 0 3 35 45 46 42 65 81 78 60 61 72 79 77 87 75 60 57 36 28 41 85 132 140 131 123 128 122 98 81 67 62 55 34 14 4 4 3 0 7 54 67 69 67 61 56 26 20 27 22 6 2 11 33 61 100 107 127 134 93 84 106 99 78 84 98 90 81 73 66 67 53
98 78 97 93 136 166 101 39 17 27 13 2 0 0 0 0 0 0 0 13 44 35 10 3 0 5 14 18 15 15 83 130 116 109 93 86 97 110 116 96 76 56 37 39 53 100 116 121 130 118 108 97 78 69 60 42 21 13 10 8 7 1 0 6 49 69 75 70 61 42 20 11 8 14 5 6 27 58 95 137 155 204 161 106 111 129 100 88 111 112 105 89 72 76 73 59
28 40 77 87 129 99 42 13 2 1 0 0 1 1 0 0 0 0 2 18 35 46 29 9 4 32 46 35 25 9 84 116 141 170 155 131 114 109 115 85 58 40 38 43 63 116 113 89 80 78 85 66 49 28 18 16 14 12 13 10 7 2 0 0 19 62 54 32 17 8 9 10 11 4 8 32 44 69 110 146 183 185 147 119 145 134 109 99 116 128 117 93 84 86 73 65
14 50 75 77 122 90 27 7 2 0 0 2 9 4 0 0 0 8 38 54 58 54 37 23 17 31 87 52 13 7 59 71 92 120 161 147 106 99 112 91 58 34 36 41 49 90 119 94 81 61 43 32 26 20 17 13 12 11 16 14 10 3 2 1 7 23 6 1 0 0 1 6 14 4 20 57 69 69 92 130 131 129 138 142 165 137 133 121 128 145 139 105 96 90 75 78
63 98 112 115 153 150 49 12 5 1 6 20 9 0 0 0 0 24 83 94 89 74 57 65 61 24 49 59 59 55 45 51 69 115 147 134 92 94 118 97 59 29 27 29 33 57 113 109 104 67 40 33 26 18 14 9 13 18 19 14 5 1 0 0 0 0 0 0 0 1 0 3 5 9 28 48 58 46 60 88 105 122 141 150 180 172 169 157 156 167 154 117 115 116 99 104
106 101 149 192 229 163 40 9 5 23 36 13 0 0 0 0 0 49 114 73 85 92 87 92 89 62 58 80 87 70 30 19 59 111 102 88 67 88 108 80 46 27 28 27 26 36 74 118 112 80 45 32 17 11 14 17 24 24 16 12 6 1 2 5 0 2 5 1 0 1 0 0 3 10 21 26 27 28 50 95 112 130 149 158 164 155 160 176 186 147 135 124 127 137 128 112
167 126 204 300 295 148 34 26 44 46 11 0 0 0 0 0 0 26 44 41 20 34 70 106 118 109 91 100 113 101 68 35 27 40 46 42 47 56 58 46 38 27 34 28 22 29 56 101 115 88 43 23 17 15 19 23 20 17 12 5 3 2 7 12 5 14 12 2 0 0 1 6 13 21 19 21 12 23 56 91 114 138 142 143 132 110 120 142 144 108 95 87 83 83 78 76
212 97 166 317 247 105 61 64 33 5 0 0 0 0 0 0 0 0 4 19 3 1 10 42 86 128 126 121 132 138 120 89 60 48 41 37 33 30 40 50 45 29 33 23 18 23 44 61 61 55 33 24 26 20 32 41 33 24 20 10 5 7 17 18 17 26 22 8 1 0 2 5 20 31 24 15 5 17 44 98 132 133 126 116 111 87 73 64 59 47 34 25 20 24 29 23
107 37 69 159 116 89 101 37 3 0 0 0 0 0 0 0 0 0 0 0 0 1 1 2 17 56 105 138 162 154 128 100 103 103 80 62 49 32 35 50 34 25 25 23 19 20 30 44 45 36 27 26 31 27 40 60 59 49 34 16 5 9 19 25 30 31 20 13 4 0 1 11 31 27 14 7 2 12 35 86 118 99 85 69 56 47 40 27 23 28 29 23 14 6 13 14
35 21 16 27 32 97 72 11 0 0 0 0 0 0 0 0 0 0 4 4 0 0 0 0 1 4 22 56 88 113 123 131 146 160 163 145 83 32 24 32 20 31 25 23 23 27 27 34 39 32 32 32 35 38 81 119 99 73 50 18 7 11 24 36 35 27 21 15 2 0 1 13 22 21 12 1 5 21 32 56 72 56 40 33 32 38 38 28 16 23 31 28 20 9 2 4
27 16 15 3 24 90 27 0 0 0 0 0 0 0 0 0 0 0 7 29 4 0 0 1 38 37 14 9 15 23 37 66 100 139 176 181 112 26 29 21 28 42 27 27 24 37 42 40 40 35 43 42 52 60 94 118 111 76 36 13 19 21 30 41 37 28 26 10 0 0 1 6 8 8 7 1 14 24 15 28 40 31 23 18 23 33 37 28 18 8 11 18 16 7 0 0
20 16 9 7 64 43 2 0 0 0 0 0 0 0 0 0 0 0 0 27 28 1 2 29 101 125 110 74 55 34 14 19 31 52 70 80 60 17 18 22 35 43 28 23 23 54 88 65 59 50 45 43 51 58 49 53 62 40 27 26 20 32 38 44 40 37 25 3 1 1 0 0 2 1 0 1 14 15 23 29 24 14 9 14 20 31 34 21 11 10 3 4 6 7 3 0
39 19 10 20 53 5 0 0 0 0 0 0 0 0 0 0 0 0 0 27 86 19 2 52 133 156 120 76 80 93 76 45 19 16 24 32 20 17 25 37 40 42 29 23 24 68 124 74 64 58 45 37 30 28 25 22 23 25 39 35 27 32 43 46 44 40 25 6 5 9 2 4 8 0 1 0 1 2 6 7 3 2 13 23 30 32 24 13 4 1 1 1 0 0 2 1
50 11 19 49 7 0 0 0 0 0 0 0 0 0 0 0 0 0 5 37 95 41 0 15 101 169 128 72 48 46 57 65 44 55 44 32 28 31 32 35 42 44 32 24 28 40 52 45 53 59 55 44 33 27 27 26 34 32 44 34 37 37 38 42 33 27 17 4 7 16 3 4 2 1 7 3 1 3 0 2 10 11 20 31 33 14 2 1 0 0 1 2 1 0 0 0
26 16 58 49 1 0 0 0 0 0 0 0 0 0 0 0 0 1 32 100 120 55 1 4 58 164 166 104 54 50 38 25 48 98 108 97 70 50 43 45 50 47 34 29 38 34 35 41 49 55 49 39 34 34 35 41 54 42 46 38 46 44 41 38 24 19 10 2 13 16 9 5 0 5 16 9 7 4 1 7 17 24 28 33 32 22 10 6 2 0 2 9 10 4 0 0
30 38 70 12 0 0 0 0 0 0 0 0 0 0 0 0 0 6 68 122 159 83 8 0 8 61 147 137 60 47 40 29 22 37 83 121 134 130 86 60 51 43 31 28 40 41 41 53 58 58 52 43 45 47 60 93 95 62 75 72 51 48 47 43 43 37 25 7 16 21 12 8 8 5 17 21 21 12 4 1 6 11 22 33 24 19 20 17 10 4 2 2 3 3 1 0
37 81 32 0 0 0 0 0 0 0 0 0 0 0 0 0 0 21 87 146 181 88 10 0 3 15 99 155 73 45 36 35 25 41 43 57 89 143 169 95 52 43 36 29 39 45 50 61 71 62 57 59 78 103 131 136 82 80 124 123 71 68 67 64 63 47 27 16 24 29 25 29 15 13 19 28 26 14 8 0 5 16 27 32 30 23 17 11 8 4 6 5 1 0 0 0
75 58 4 0 0 0 0 0 0 0 0 0 0 0 0 0 2 54 119 153 205 92 13 1 6 15 82 177 100 46 40 35 38 75 64 67 98 132 185 128 61 45 36 32 42 49 56 67 83 87 112 139 162 179 188 141 112 108 138 150 100 131 123 128 102 69 36 36 52 59 55 41 27 31 37 37 31 17 4 0 1 6 10 16 23 23 21 23 19 10 10 10 3 0 0 0
101 19 0 0 0 0 0 0 0 0 0 0 0 0 0 5 16 82 147 173 216 116 21 2 2 7 58 166 131 60 44 35 46 89 124 114 141 174 190 122 56 40 39 32 46 62 75 87 107 153 214 254 231 166 141 144 187 147 148 162 143 175 175 199 175 126 91 79 111 128 94 58 61 69 62 44 29 20 8 5 10 4 2 9 25 35 37 42 42 34 37 32 21 16 23 18
81 4 0 0 0 0 0 0 0 0 0 0 2 3 2 15 41 68 126 158 202 109 21 18 4 12 37 136 153 78 46 49 60 105 166 185 175 214 171 87 55 48 43 35 47 71 119 140 160 185 230 241 199 144 164 214 274 180 165 190 195 203 214 261 242 177 142 112 141 147 114 103 112 143 125 63 22 11 6 12 21 18 8 3 14 33 62 97 148 132 156 152 140 129 116 100
40 0 0 0 0 0 0 0 0 0 0 0 2 1 1 4 24 32 78 135 175 104 52 41 14 8 24 96 183 134 80 74 91 141 174 213 208 279 241 111 69 54 40 42 58 88 148 200 236 274 290 235 157 148 177 271 326 212 195 202 213 222 200 215 222 185 148 138 153 146 155 142 141 153 129 70 24 30 13 3 16 28 25 13 11 12 21 49 116 153 203 228 230 183 119 94
21 0 0 0 0 0 0 0 0 0 0 0 0 0 0 0 1 5 23 73 147 170 156 88 28 23 20 59 171 200 154 136 136 185 194 209 246 316 255 137 89 60 48 41 58 113 165 254 340 393 345 228 170 200 198 301 347 265 273 300 285 250 193 161 146 163 159 154 171 188 172 135 123 95 59 32 37 35 17 4 10 22 26 21 24 26 28 38 71 142 197 185 162 124 95 88
6 0 0 0 0 0 0 0 0 0 0 0 0 0 0 0 0 0 1 10 54 110 167 141 67 53 55 41 76 159 204 193 182 189 230 208 274 342 305 237 146 71 55 45 54 144 214 271 359 362 267 207 214 307 291 267 291 313 379 404 380 291 175 140 111 125 127 104 116 113 81 57 43 30 21 28 27 24 15 7 6 6 11 16 28 60 121 142 172 237 255 192 152 120 99 87
0 0 0 0 0 0 0 0 0 0 0 0 0 0 0 0 0 0 0 0 4 26 75 138 149 146 164 133 117 119 140 144 160 186 196 153 242 317 316 285 181 66 49 45 49 113 210 295 336 291 278 315 285 346 434 361 270 295 365 462 471 310 157 94 73 59 49 38 39 36 29 28 29 23 20 28 32 27 16 6 6 2 7 11 23 91 201 235 243 198 152 119 103 97 76 66
0 0 0 0 0 0 0 0 0 0 0 0 0 0 0 0 0 0 0 0 0 3 21 61 108 136 170 197 215 198 157 117 114 118 111 94 142 204 202 192 113 69 66 52 46 64 137 227 269 266 301 367 346 344 419 378 294 332 335 372 336 213 123 63 45 33 33 35 39 33 32 36 34 26 20 28 31 26 16 7 12 3 5 6 11 36 89 159 209 148 109 94 76 60 47 45
0 0 0 0 0 0 0 0 0 0 0 0 0 0 0 0 0 0 0 0 0 0 5 15 21 36 71 109 136 161 189 177 152 123 82 73 76 83 89 91 109 171 136 81 56 49 64 104 135 193 270 311 273 297 351 347 318 332 256 216 189 130 79 46 34 35 41 41 38 34 39 37 31 24 23 30 28 20 11 10 17 8 8 16 21 27 29 72 141 143 118 102 91 82 56 50
0 0 0 0 0 0 0 0 0 0 0 0 0 0 0 0 0 0 0 0 0 0 0 1 3 13 30 40 50 69 117 182 245 210 102 73 71 68 66 72 137 254 250 140 74 58 56 58 67 99 144 193 192 206 287 315 270 258 248 162 117 85 61 43 36 44 44 41 34 35 39 36 29 24 29 30 23 14 10 26 19 12 17 23 25 31 34 68 134 177 167 131 105 85 67 85
0 0 0 0 0 0 0 0 0 0 0 0 0 0 0 0 0 0 0 0 0 0 0 0 1 9 16 15 33 55 72 117 207 218 113 82 80 81 76 75 89 135 188 181 126 88 77 77 73 72 74 93 115 124 160 168 153 142 176 153 94 53 44 42 46 51 48 41 35 40 44 37 31 30 37 49 47 41 35 37 34 38 40 52 46 66 91 150 277 347 295 185 115 83 80 101
0 0 0 0 0 0 0 0 0 0 0 0 0 0 0 0 0 0 0 0 0 0 0 0 0 1 9 22 22 29 59 76 149 226 161 137 116 116 131 148 135 114 118 188 249 177 182 164 120 93 78 81 87 85 82 80 72 67 69 66 56 55 47 47 53 57 58 52 52 53 55 46 49 57 114 170 173 161 140 103 114 159 153 130 148 184 210 218 299 319 253 199 124 87 114 171
0 0 0 0 0 0 0 0 0 0 0 0 0 0 0 0 0 0 0 0 0 0 0 0 0 1 6 7 17 24 39 64 97 196 251 283 215 199 284 336 282 199 148 159 260 245 268 300 209 119 110 111 102 91 87 92 84 75 80 75 69 64 53 71 125 127 123 122 133 141 126 101 109 141 237 325 346 324 248 182 208 286 234 163 190 218 233 270 248 199 160 139 115 98 153 205
0 0 0 0 0 0 0 0 0 0 0 0 0 0 0 0 0 0 0 0 0 0 1 1 0 1 6 9 12 28 34 42 60 110 200 290 280 272 425 568 465 338 252 163 172 219 263 309 246 171 213 228 184 137 134 165 167 124 130 137 128 118 103 112 202 242 264 286 316 282 199 168 226 263 313 308 300 344 314 271 265 334 296 230 230 236 264 343 270 182 142 121 108 108 130 164
0 0 0 0 0 0 0 0 0 0 0 0 0 0 0 0 0 0 0 0 0 2 6 5 2 2 11 15 15 23 38 44 47 71 109 150 187 251 396 576 567 494 389 229 171 157 203 301 299 257 308 310 250 191 191 277 325 229 232 300 284 261 193 156 184 217 252 277 287 254 205 205 267 311 299 251 202 260 340 342 294 312 317 339 373 348 322 386 328 275 246 196 151 163 125 147
0 0 0 0 0 0 0 0 0 0 0 0 0 0 0 0 0 1 2 7 4 9 17 15 8 7 16 13 15 20 31 44 44 69 84 90 127 210 321 444 539 521 429 366 286 193 207 330 392 371 385 312 235 244 245 270 297 234 230 312 359 356 247 169 149 163 183 196 192 194 195 208 238 256 211 168 142 167 218 256 211 178 191 235 272 250 231 297 277 234 212 146 109 106 91 98
0 0 0 0 0 0 0 0 0 0 0 0 0 0 0 0 0 5 8 15 16 20 29 21 10 3 4 7 16 21 30 45 42 61 78 80 93 152 229 323 416 368 344 439 429 281 254 309 397 454 446 346 325 383 413 419 352 259 291 325 381 395 271 162 140 186 240 239 186 172 183 200 226 243 224 149 114 130 137 150 136 111 120 130 132 130 121 131 128 112 98 76 76 76 65 61
0 0 0 0 0 0 0 0 0 0 0 0 7 5 1 0 1 8 12 17 24 32 43 25 4 0 0 6 20 17 27 46 47 45 63 72 69 100 143 206 257 234 249 345 401 282 303 345 372 397 452 420 445 532 537 483 364 316 405 492 538 423 247 156 147 190 176 186 178 139 141 188 198 178 170 149 108 94 97 94 89 78 78 63 56 61 45 39 40 40 34 25 21 21 21 20
0 0 0 0 0 0 0 0 0 0 0 5 20 7 4 3 10 16 18 23 28 41 44 23 8 2 0 4 18 22 33 47 54 42 52 57 68 83 95 116 130 126 154 228 297 244 342 399 380 352 363 365 403 515 482 470 430 446 489 538 468 365 246 178 149 172 138 145 171 154 124 143 152 123 95 68 56 47 49 53 53 49 38 25 14 8 7 13 20 25 22 14 11 8 21 35
0 0 0 0 0 0 0 0 0 0 1 12 16 5 9 11 14 20 24 29 33 40 40 22 9 3 0 3 13 24 38 42 44 39 46 48 84 100 97 95 86 76 83 124 159 175 272 284 260 323 295 262 314 425 373 361 379 402 415 404 338 284 234 184 135 128 110 87 82 77 70 58 64 62 47 24 16 13 9 14 24 35 41 34 21 13 22 43 55 47 36 28 24 13 15 27
0 0 0 0 0 0 0 0 0 1 2 11 14 11 16 18 15 21 25 32 38 39 39 23 10 3 1 1 10 26 38 38 30 33 42 43 66 92 97 93 90 76 62 73 93 125 167 186 196 252 259 211 231 312 322 250 234 250 265 247 224 206 197 178 140 107 91 69 55 52 44 40 40 43 38 33 34 27 21 11 7 8 7 10 3 6 19 38 48 43 22 7 4 1 2 2
0 0 0 0 0 0 0 0 2 6 3 6 16 13 20 23 18 21 27 35 37 36 37 27 18 6 1 1 7 21 31 28 20 28 40 54 54 62 82 96 91 78 63 56 60 81 97 106 128 151 197 207 177 217 257 223 171 157 159 162 163 154 142 143 140 120 113 104 89 83 74 75 76 73 74 78 77 67 59 48 36 19 4 2 0 0 0 3 6 9 9 6 3 0 0 0
